variant_G1_z05_l06_t90: 0.01413133745077046 17.760862827301025 29.32816359931793 0 12.244072775477884
variant_G1_z05_l06_t92: 0.014703497198070297 18.759721279144287 29.06689811236047 0 12.506023317915012
variant_G1_z05_l06_t94: 0.11709753802782352 16.789443254470825 32.69405131954367 1 73.3162065203676
variant_G1_z05_l06_t96: 0.015323404564747671 17.25877070426941 28.933113180161406 0 12.303057689835697
variant_G1_z05_l06_t98: 0.057911517033375236 19.229980945587158 31.776797294849278 1 61.78365905476234
variant_G1_z05_l08_t90: 0.01551363786481954 18.27985644340515 29.517405268850624 0 12.662179915415063
variant_G1_z05_l08_t92: 0.017501682770883705 18.449660778045654 29.126001823169727 0 13.01546907441982
variant_G1_z05_l08_t94: 0.014516055192946164 18.959530115127563 28.882396558547835 0 12.471596373324314
variant_G1_z05_l08_t96: 0.015904463828989707 20.060609340667725 29.10856809171884 0 13.014728252275255
variant_G1_z05_l08_t98: 0.051030117447081184 20.339867115020752 32.67217075097225 1 60.80843106261484
variant_G1_z05_l10_t90: 0.06502747796146445 17.790599584579468 34.223696648396135 1 63.408354838888016
variant_G1_z05_l10_t92: 0.014408941466654866 17.798641204833984 29.067258285791077 0 12.254968191455987
variant_G1_z05_l10_t94: 0.014252100499198573 18.3208749294281 28.888481830554475 0 12.29229145183623
variant_G1_z05_l10_t96: 0.04355959287752856 18.05076837539673 31.06063135420802 1 58.53419852142666
variant_G1_z05_l10_t98: 0.01671431922841621 17.429627418518066 28.751441869671602 0 12.579077703321177
variant_G1_z10_l06_t90: 0.01677822938716122 18.3999924659729 29.483661608396574 0 12.93237669230614
variant_G1_z10_l06_t92: 0.01533348975690663 18.570918798446655 29.022297690122727 0 12.585341249095203
variant_G1_z10_l06_t94: 0.12793938889851134 17.03007936477661 33.12235352993288 0 35.618364358644165
variant_G1_z10_l06_t96: 0.015274398226430171 17.019959449768066 29.05401021038428 0 12.269673577316503
variant_G1_z10_l06_t98: 0.15961186453280882 18.79100465774536 40.583093997354815 1 83.79719263758179
variant_G1_z10_l08_t90: 0.015254324610925317 18.209948539733887 29.251180820339897 0 12.54309079419982
variant_G1_z10_l08_t92: 0.05836043381023064 19.77050256729126 32.228393681579135 0 22.071866011820205
variant_G1_z10_l08_t94: 0.014006414576702472 18.65062117576599 28.97426014885652 0 12.326259180264998
variant_G1_z10_l08_t96: 0.06288296504686533 17.099847078323364 32.08979003217222 0 22.414520431472184
variant_G1_z10_l08_t98: 0.05269871071692537 20.14000916481018 32.42113932982249 1 61.05197184231161
variant_G1_z10_l10_t90: 0.06526614230484534 18.00008773803711 34.41407537480311 1 63.536061083537106
variant_G1_z10_l10_t92: 0.014519155729158743 17.508678674697876 29.067297835624426 0 12.21902644789621
variant_G1_z10_l10_t94: 0.014219380068515216 18.620237350463867 28.82368695961946 0 12.33266087571971
variant_G1_z10_l10_t96: 0.05131578010196348 17.860318660736084 31.115399717074553 1 60.05829969595482
variant_G1_z10_l10_t98: 0.014740224704520851 17.74996328353882 28.6914786943071 0 12.236333336473354
variant_G1_z15_l06_t90: 0.026152021531034613 18.050369024276733 29.711668376411318 0 14.782811786344533
variant_G1_z15_l06_t92: 0.015745138230815966 18.65922784805298 29.065514852942858 0 12.693976186362361
variant_G1_z15_l06_t94: 0.09103493680533147 16.770222663879395 32.594037135253075 1 68.07983932089279
variant_G1_z15_l06_t96: 0.016495923110860053 17.34000849723816 29.044515645875265 0 12.576089450794697
variant_G1_z15_l06_t98: 0.057047421884333 19.579978942871094 34.61986341097253 1 62.249452847635325
variant_G1_z15_l08_t90: 0.015482869337434967 18.369283437728882 29.530321676737437 0 12.676494890380258
variant_G1_z15_l08_t92: 0.07099016268883838 19.559732913970947 32.93091294071629 0 24.696161708705127
variant_G1_z15_l08_t94: 0.014023441409977836 18.919791221618652 28.952543745949722 0 12.379155275509243
variant_G1_z15_l08_t96: 0.21232736079870831 16.97999095916748 40.80007085593223 1 94.02148452276161
variant_G1_z15_l08_t98: 0.136531688683869 18.779015064239502 39.93903075123871 1 79.04994689986944
variant_G1_z15_l10_t90: 0.027809522456602172 17.819596529006958 29.43707427484637 1 55.013238652091104
variant_G1_z15_l10_t92: 0.015945713307144286 18.500145196914673 29.004793951687976 0 12.690130491149388
variant_G1_z15_l10_t94: 0.09789573365753419 18.440550804138184 44.05132280621274 0 32.07752145357702
variant_G1_z15_l10_t96: 0.03347563515267302 18.02964448928833 30.718361636870572 0 16.444728255766385
variant_G1_z15_l10_t98: 0.015370029203514672 17.548972129821777 28.718235739696425 0 12.327447414606574
